81472
13547
90579
83500
12698
96886
91337
22103
63235
30816
9754
54722
27849
18838
54688
99288
95750
99646
96488
96769
15761
72583
97059
98110
95716
10986
48537
79810
80028
29702
14188
478
42176
11246
91573
63976
79220
87843
95949
50366
65574
79792
3571
36129
84912
21192
93399
68135
67873
39873
75774
74064
74313
47475
39222
42208
65547
17386
17118
30191
70604
79727
3183
31655
27692
87242
4617
14911
9713
99406
82345
82190
69482
12518
31709
76375
95022
49058
3444
66360
43874
12589
38155
21020
76551
5121
79519
3644
18687
40873
48976
45798
44558
48756
64631
79397
70936
92087
75468
80753
